5 5  4 5 5 5  4 5 6
0 0 -1 1 0 0 -1 1 1
1 2  1 1 1 2  1 1 2


5 5 4 5 4 5
1 2 1 2 1 2


5 5 11 15 9 2



5 5 5 4 5 6 4 5 6
1 2 3 1 2 3 1 2 3


1 2 3 4 5 9 7 5 3 1
1 2 3 4 5 1 2 3 3 5


1 2 3 4 5 9 7 8 9 10
1 2 3 4 5 1 1 2 3  4 


11 12 13 14 15   1 2 3 4 5 9  7  8  9 10
_   1  1  1  1 -14 1 1 1 1 4 -2  1  1  1
1   2  3  4  5   1 1 2 3 4 1  1  1  2  3
1   1  2  3  4   1 2 3 
0 1 



1 2 3 4 5 11 12 13 14 15  9  17 18 19 20 ✅
_ 1 1 1 1  6  1  1  1  1 -6   8  1  1  1
1 2 3 4 5  1  1  2  3  4  1   1  1  2  3

1 2 3 4 5 11 12  6 14 15  9  17 18 19 20 
_ 1 1 1 1  6  1 -6  8  1 -6   8  1  1  1
1 2 3 4 5  1  1  1  1  1  1   1  1  2  3



1 2 3 4 5 11 12 13 14 15  9  7  8  9  10
_ 1 1 1 1  6  1  1  1  1 -6 -2  1  1   1
1 2 3 4 5  1  1  2  3  4  1  1  1  2   3


1 2 3 4 5 11 12 13 14 15  9  6 7   8   9  10
_ 1 1 1 1  6  1  1  1  1 -6 -2 1   1   1   1
1 2 3 4 5  1  1  2  3  4  1  1 1   2   3   4


1 2 3 4 9  7  5  3  1
_ 1 1 1 4 -2 -2 -2 -2
1 2 3 4 1  1  2  3  4


 8   5  2  0
-3  -3 -3 -2
 1   2  3  1

13 10  7  3  1
-3 -3 -3 -4 -2
1   2  3  1  1

19 16 13  9  7  4
-3 -3 -3 -4 -2 -3
1   2  3  1  1  1


10  7  4  5  2
-3 -3 -3  1 -3
 1  2  3  1  1

 8  5  1  0
-3 -3 -4 -2
 1  2  1  1


8 8  2 2 2
0 0 -6 0 0
1 2  1 1 2


 9  7  5  3
-2 -2 -2 -2
 1  2  3  4

3 5 7 9 10 13 15 17 
2 2 2 2  1  3  2  2
1 2 3 4  1  1  1  2


3 5 7 10 10 12 14 16
2 2 2  3  0  2  2  2
1 2 3  1  1  1  2  3


3 5 7 9 10 12 14 16
2 2 2 2  1  2  2  2
1 2 3 4  1  1  2  3

3 5 7 9 10 11 13 15
2 2 2 2  1  1  2  2
1 2 3 4  1  2  1  2

3 5 7 9 10 17 19 21
2 2 2 2  1  7  2  2
1 2 3 4  1  1  1  2

3 5 7 9 13 15 17
2 2 2 2 4   2  2
1 2 3 4 1   1  2

3 5 7 9 10 13 15 17 
_ 2 2 2  1  3  2  2
1 2 3 4  1  1  1  2 
